--- TermForge Logos Gallery ---

--- FONT: SMALL ---
[38;2;255;0;0m┌[38;2;255;0;15m┬[38;2;255;0;29m┐[38;2;255;0;44m [38;2;255;0;58m├[38;2;255;0;73m─[38;2;255;0;87m [38;2;255;0;102m [38;2;255;0;117m├[38;2;255;0;131m─[38;2;255;0;146m┐[38;2;255;0;160m [38;2;255;0;175m┌[38;2;255;0;189m┐[38;2;255;0;204m┌[38;2;255;0;219m┐[38;2;255;0;233m [38;2;255;0;248m├[38;2;248;0;255m─[38;2;233;0;255m [38;2;219;0;255m [38;2;204;0;255m┌[38;2;189;0;255m─[38;2;175;0;255m┐[38;2;160;0;255m [38;2;146;0;255m├[38;2;131;0;255m─[38;2;117;0;255m┐[38;2;102;0;255m [38;2;87;0;255m┌[38;2;73;0;255m─[38;2;58;0;255m┐[38;2;44;0;255m [38;2;29;0;255m├[38;2;15;0;255m─[38;2;0;0;255m [0m
[38;2;255;0;0m [38;2;255;0;15m│[38;2;255;0;29m [38;2;255;0;44m [38;2;255;0;58m├[38;2;255;0;73m─[38;2;255;0;87m [38;2;255;0;102m [38;2;255;0;117m├[38;2;255;0;131m┬[38;2;255;0;146m┘[38;2;255;0;160m [38;2;255;0;175m│[38;2;255;0;189m└[38;2;255;0;204m┘[38;2;255;0;219m│[38;2;255;0;233m [38;2;255;0;248m├[38;2;248;0;255m─[38;2;233;0;255m [38;2;219;0;255m [38;2;204;0;255m│[38;2;189;0;255m [38;2;175;0;255m│[38;2;160;0;255m [38;2;146;0;255m├[38;2;131;0;255m┬[38;2;117;0;255m┘[38;2;102;0;255m [38;2;87;0;255m│[38;2;73;0;255m [38;2;58;0;255m┬[38;2;44;0;255m [38;2;29;0;255m├[38;2;15;0;255m─[38;2;0;0;255m [0m
[38;2;255;0;0m [38;2;255;0;15m┴[38;2;255;0;29m [38;2;255;0;44m [38;2;255;0;58m└[38;2;255;0;73m─[38;2;255;0;87m⠂[38;2;255;0;102m [38;2;255;0;117m┴[38;2;255;0;131m└[38;2;255;0;146m─[38;2;255;0;160m [38;2;255;0;175m┴[38;2;255;0;189m [38;2;255;0;204m [38;2;255;0;219m┴[38;2;255;0;233m [38;2;255;0;248m┴[38;2;248;0;255m [38;2;233;0;255m [38;2;219;0;255m [38;2;204;0;255m└[38;2;189;0;255m─[38;2;175;0;255m┘[38;2;160;0;255m [38;2;146;0;255m┴[38;2;131;0;255m└[38;2;117;0;255m─[38;2;102;0;255m [38;2;87;0;255m└[38;2;73;0;255m─[38;2;58;0;255m┘[38;2;44;0;255m [38;2;29;0;255m└[38;2;15;0;255m─[38;2;0;0;255m⠂[0m

--- FONT: STANDARD ---
[38;2;255;0;0m█[38;2;255;0;7m█[38;2;255;0;15m█[38;2;255;0;22m█[38;2;255;0;29m█[38;2;255;0;36m█[38;2;255;0;44m█[38;2;255;0;51m [38;2;255;0;58m█[38;2;255;0;66m█[38;2;255;0;73m█[38;2;255;0;80m█[38;2;255;0;87m█[38;2;255;0;95m█[38;2;255;0;102m█[38;2;255;0;109m [38;2;255;0;117m█[38;2;255;0;124m█[38;2;255;0;131m█[38;2;255;0;138m█[38;2;255;0;146m█[38;2;255;0;153m█[38;2;255;0;160m [38;2;255;0;168m [38;2;255;0;175m█[38;2;255;0;182m█[38;2;255;0;189m [38;2;255;0;197m [38;2;255;0;204m [38;2;255;0;211m█[38;2;255;0;219m█[38;2;255;0;226m [38;2;255;0;233m█[38;2;255;0;240m█[38;2;255;0;248m█[38;2;255;0;255m█[38;2;248;0;255m█[38;2;240;0;255m█[38;2;233;0;255m█[38;2;226;0;255m [38;2;219;0;255m [38;2;211;0;255m█[38;2;204;0;255m█[38;2;197;0;255m█[38;2;189;0;255m█[38;2;182;0;255m█[38;2;175;0;255m [38;2;168;0;255m [38;2;160;0;255m█[38;2;153;0;255m█[38;2;146;0;255m█[38;2;138;0;255m█[38;2;131;0;255m█[38;2;124;0;255m█[38;2;117;0;255m [38;2;109;0;255m [38;2;102;0;255m [38;2;95;0;255m█[38;2;87;0;255m█[38;2;80;0;255m█[38;2;73;0;255m█[38;2;66;0;255m█[38;2;58;0;255m [38;2;51;0;255m [38;2;44;0;255m█[38;2;36;0;255m█[38;2;29;0;255m█[38;2;22;0;255m█[38;2;15;0;255m█[38;2;7;0;255m█[38;2;0;0;255m█[0m
[38;2;255;0;0m [38;2;255;0;7m [38;2;255;0;15m [38;2;255;0;22m█[38;2;255;0;29m [38;2;255;0;36m [38;2;255;0;44m [38;2;255;0;51m [38;2;255;0;58m█[38;2;255;0;66m [38;2;255;0;73m [38;2;255;0;80m [38;2;255;0;87m [38;2;255;0;95m [38;2;255;0;102m [38;2;255;0;109m [38;2;255;0;117m█[38;2;255;0;124m [38;2;255;0;131m [38;2;255;0;138m [38;2;255;0;146m [38;2;255;0;153m [38;2;255;0;160m█[38;2;255;0;168m [38;2;255;0;175m█[38;2;255;0;182m█[38;2;255;0;189m█[38;2;255;0;197m [38;2;255;0;204m█[38;2;255;0;211m█[38;2;255;0;219m█[38;2;255;0;226m [38;2;255;0;233m█[38;2;255;0;240m [38;2;255;0;248m [38;2;255;0;255m [38;2;248;0;255m [38;2;240;0;255m [38;2;233;0;255m [38;2;226;0;255m [38;2;219;0;255m█[38;2;211;0;255m [38;2;204;0;255m [38;2;197;0;255m [38;2;189;0;255m [38;2;182;0;255m [38;2;175;0;255m█[38;2;168;0;255m [38;2;160;0;255m█[38;2;153;0;255m [38;2;146;0;255m [38;2;138;0;255m [38;2;131;0;255m [38;2;124;0;255m [38;2;117;0;255m█[38;2;109;0;255m [38;2;102;0;255m█[38;2;95;0;255m [38;2;87;0;255m [38;2;80;0;255m [38;2;73;0;255m [38;2;66;0;255m [38;2;58;0;255m [38;2;51;0;255m [38;2;44;0;255m█[38;2;36;0;255m [38;2;29;0;255m [38;2;22;0;255m [38;2;15;0;255m [38;2;7;0;255m [38;2;0;0;255m [0m
[38;2;255;0;0m [38;2;255;0;7m [38;2;255;0;15m [38;2;255;0;22m█[38;2;255;0;29m [38;2;255;0;36m [38;2;255;0;44m [38;2;255;0;51m [38;2;255;0;58m█[38;2;255;0;66m█[38;2;255;0;73m█[38;2;255;0;80m█[38;2;255;0;87m█[38;2;255;0;95m [38;2;255;0;102m [38;2;255;0;109m [38;2;255;0;117m█[38;2;255;0;124m█[38;2;255;0;131m█[38;2;255;0;138m█[38;2;255;0;146m█[38;2;255;0;153m█[38;2;255;0;160m [38;2;255;0;168m [38;2;255;0;175m█[38;2;255;0;182m [38;2;255;0;189m█[38;2;255;0;197m [38;2;255;0;204m█[38;2;255;0;211m [38;2;255;0;219m█[38;2;255;0;226m [38;2;255;0;233m█[38;2;255;0;240m█[38;2;255;0;248m█[38;2;255;0;255m█[38;2;248;0;255m█[38;2;240;0;255m [38;2;233;0;255m [38;2;226;0;255m [38;2;219;0;255m█[38;2;211;0;255m [38;2;204;0;255m [38;2;197;0;255m [38;2;189;0;255m [38;2;182;0;255m [38;2;175;0;255m█[38;2;168;0;255m [38;2;160;0;255m█[38;2;153;0;255m█[38;2;146;0;255m█[38;2;138;0;255m█[38;2;131;0;255m█[38;2;124;0;255m█[38;2;117;0;255m [38;2;109;0;255m [38;2;102;0;255m█[38;2;95;0;255m [38;2;87;0;255m [38;2;80;0;255m█[38;2;73;0;255m█[38;2;66;0;255m█[38;2;58;0;255m█[38;2;51;0;255m [38;2;44;0;255m█[38;2;36;0;255m█[38;2;29;0;255m█[38;2;22;0;255m█[38;2;15;0;255m█[38;2;7;0;255m [38;2;0;0;255m [0m
[38;2;255;0;0m [38;2;255;0;7m [38;2;255;0;15m [38;2;255;0;22m█[38;2;255;0;29m [38;2;255;0;36m [38;2;255;0;44m [38;2;255;0;51m [38;2;255;0;58m█[38;2;255;0;66m [38;2;255;0;73m [38;2;255;0;80m [38;2;255;0;87m [38;2;255;0;95m [38;2;255;0;102m [38;2;255;0;109m [38;2;255;0;117m█[38;2;255;0;124m [38;2;255;0;131m [38;2;255;0;138m [38;2;255;0;146m█[38;2;255;0;153m [38;2;255;0;160m [38;2;255;0;168m [38;2;255;0;175m█[38;2;255;0;182m [38;2;255;0;189m [38;2;255;0;197m [38;2;255;0;204m█[38;2;255;0;211m [38;2;255;0;219m█[38;2;255;0;226m [38;2;255;0;233m█[38;2;255;0;240m [38;2;255;0;248m [38;2;255;0;255m [38;2;248;0;255m [38;2;240;0;255m [38;2;233;0;255m [38;2;226;0;255m [38;2;219;0;255m█[38;2;211;0;255m [38;2;204;0;255m [38;2;197;0;255m [38;2;189;0;255m [38;2;182;0;255m [38;2;175;0;255m█[38;2;168;0;255m [38;2;160;0;255m█[38;2;153;0;255m [38;2;146;0;255m [38;2;138;0;255m [38;2;131;0;255m█[38;2;124;0;255m [38;2;117;0;255m [38;2;109;0;255m [38;2;102;0;255m█[38;2;95;0;255m [38;2;87;0;255m [38;2;80;0;255m [38;2;73;0;255m [38;2;66;0;255m [38;2;58;0;255m█[38;2;51;0;255m [38;2;44;0;255m█[38;2;36;0;255m [38;2;29;0;255m [38;2;22;0;255m [38;2;15;0;255m [38;2;7;0;255m [38;2;0;0;255m [0m
[38;2;255;0;0m [38;2;255;0;7m [38;2;255;0;15m [38;2;255;0;22m█[38;2;255;0;29m [38;2;255;0;36m [38;2;255;0;44m [38;2;255;0;51m [38;2;255;0;58m█[38;2;255;0;66m█[38;2;255;0;73m█[38;2;255;0;80m█[38;2;255;0;87m█[38;2;255;0;95m█[38;2;255;0;102m█[38;2;255;0;109m [38;2;255;0;117m█[38;2;255;0;124m [38;2;255;0;131m [38;2;255;0;138m [38;2;255;0;146m [38;2;255;0;153m█[38;2;255;0;160m [38;2;255;0;168m [38;2;255;0;175m█[38;2;255;0;182m [38;2;255;0;189m [38;2;255;0;197m [38;2;255;0;204m█[38;2;255;0;211m [38;2;255;0;219m█[38;2;255;0;226m [38;2;255;0;233m█[38;2;255;0;240m [38;2;255;0;248m [38;2;255;0;255m [38;2;248;0;255m [38;2;240;0;255m [38;2;233;0;255m [38;2;226;0;255m [38;2;219;0;255m [38;2;211;0;255m█[38;2;204;0;255m█[38;2;197;0;255m█[38;2;189;0;255m█[38;2;182;0;255m█[38;2;175;0;255m [38;2;168;0;255m [38;2;160;0;255m█[38;2;153;0;255m [38;2;146;0;255m [38;2;138;0;255m [38;2;131;0;255m [38;2;124;0;255m█[38;2;117;0;255m [38;2;109;0;255m [38;2;102;0;255m [38;2;95;0;255m█[38;2;87;0;255m█[38;2;80;0;255m█[38;2;73;0;255m█[38;2;66;0;255m█[38;2;58;0;255m [38;2;51;0;255m [38;2;44;0;255m█[38;2;36;0;255m█[38;2;29;0;255m█[38;2;22;0;255m█[38;2;15;0;255m█[38;2;7;0;255m█[38;2;0;0;255m█[0m

--- FONT: SLANT ---
[38;2;255;0;0m [38;2;255;0;5m [38;2;255;0;10m█[38;2;255;0;15m█[38;2;255;0;20m█[38;2;255;0;25m█[38;2;255;0;30m█[38;2;255;0;35m█[38;2;255;0;40m█[38;2;255;0;45m█[38;2;255;0;50m [38;2;255;0;55m [38;2;255;0;60m [38;2;255;0;65m█[38;2;255;0;70m█[38;2;255;0;75m█[38;2;255;0;80m█[38;2;255;0;85m█[38;2;255;0;90m█[38;2;255;0;95m█[38;2;255;0;100m█[38;2;255;0;105m [38;2;255;0;110m [38;2;255;0;115m [38;2;255;0;120m█[38;2;255;0;125m█[38;2;255;0;130m█[38;2;255;0;135m█[38;2;255;0;140m█[38;2;255;0;145m█[38;2;255;0;150m█[38;2;255;0;155m [38;2;255;0;160m [38;2;255;0;165m [38;2;255;0;170m [38;2;255;0;175m█[38;2;255;0;180m█[38;2;255;0;185m [38;2;255;0;190m [38;2;255;0;195m [38;2;255;0;200m [38;2;255;0;205m [38;2;255;0;210m [38;2;255;0;215m█[38;2;255;0;220m█[38;2;255;0;225m [38;2;255;0;230m [38;2;255;0;235m [38;2;255;0;240m█[38;2;255;0;245m█[38;2;255;0;250m█[38;2;255;0;255m█[38;2;250;0;255m█[38;2;245;0;255m█[38;2;240;0;255m█[38;2;235;0;255m█[38;2;230;0;255m [38;2;225;0;255m [38;2;220;0;255m [38;2;215;0;255m [38;2;210;0;255m [38;2;205;0;255m█[38;2;200;0;255m█[38;2;195;0;255m█[38;2;190;0;255m█[38;2;185;0;255m█[38;2;180;0;255m█[38;2;175;0;255m [38;2;170;0;255m [38;2;165;0;255m [38;2;160;0;255m [38;2;155;0;255m█[38;2;150;0;255m█[38;2;145;0;255m█[38;2;140;0;255m█[38;2;135;0;255m█[38;2;130;0;255m█[38;2;125;0;255m█[38;2;120;0;255m [38;2;115;0;255m [38;2;110;0;255m [38;2;105;0;255m [38;2;100;0;255m [38;2;95;0;255m [38;2;90;0;255m█[38;2;85;0;255m█[38;2;80;0;255m█[38;2;75;0;255m█[38;2;70;0;255m█[38;2;65;0;255m█[38;2;60;0;255m [38;2;55;0;255m [38;2;50;0;255m [38;2;45;0;255m [38;2;40;0;255m█[38;2;35;0;255m█[38;2;30;0;255m█[38;2;25;0;255m█[38;2;20;0;255m█[38;2;15;0;255m█[38;2;10;0;255m█[38;2;5;0;255m█[38;2;0;0;255m [0m
[38;2;255;0;0m [38;2;255;0;5m [38;2;255;0;10m_[38;2;255;0;15m_[38;2;255;0;20m [38;2;255;0;25m [38;2;255;0;30m█[38;2;255;0;35m█[38;2;255;0;40m [38;2;255;0;45m [38;2;255;0;50m_[38;2;255;0;55m [38;2;255;0;60m [38;2;255;0;65m█[38;2;255;0;70m█[38;2;255;0;75m [38;2;255;0;80m [38;2;255;0;85m [38;2;255;0;90m [38;2;255;0;95m [38;2;255;0;100m [38;2;255;0;105m [38;2;255;0;110m [38;2;255;0;115m [38;2;255;0;120m█[38;2;255;0;125m█[38;2;255;0;130m [38;2;255;0;135m [38;2;255;0;140m [38;2;255;0;145m [38;2;255;0;150m█[38;2;255;0;155m█[38;2;255;0;160m [38;2;255;0;165m [38;2;255;0;170m [38;2;255;0;175m█[38;2;255;0;180m█[38;2;255;0;185m█[38;2;255;0;190m [38;2;255;0;195m [38;2;255;0;200m [38;2;255;0;205m [38;2;255;0;210m█[38;2;255;0;215m█[38;2;255;0;220m█[38;2;255;0;225m [38;2;255;0;230m [38;2;255;0;235m [38;2;255;0;240m█[38;2;255;0;245m█[38;2;255;0;250m [38;2;255;0;255m [38;2;250;0;255m [38;2;245;0;255m [38;2;240;0;255m [38;2;235;0;255m [38;2;230;0;255m [38;2;225;0;255m [38;2;220;0;255m [38;2;215;0;255m [38;2;210;0;255m█[38;2;205;0;255m█[38;2;200;0;255m [38;2;195;0;255m [38;2;190;0;255m [38;2;185;0;255m [38;2;180;0;255m█[38;2;175;0;255m█[38;2;170;0;255m [38;2;165;0;255m [38;2;160;0;255m [38;2;155;0;255m█[38;2;150;0;255m█[38;2;145;0;255m [38;2;140;0;255m [38;2;135;0;255m [38;2;130;0;255m [38;2;125;0;255m█[38;2;120;0;255m█[38;2;115;0;255m [38;2;110;0;255m [38;2;105;0;255m [38;2;100;0;255m [38;2;95;0;255m█[38;2;90;0;255m█[38;2;85;0;255m [38;2;80;0;255m [38;2;75;0;255m [38;2;70;0;255m [38;2;65;0;255m_[38;2;60;0;255m_[38;2;55;0;255m [38;2;50;0;255m [38;2;45;0;255m [38;2;40;0;255m█[38;2;35;0;255m█[38;2;30;0;255m [38;2;25;0;255m [38;2;20;0;255m [38;2;15;0;255m [38;2;10;0;255m [38;2;5;0;255m [38;2;0;0;255m [0m
[38;2;255;0;0m [38;2;255;0;5m [38;2;255;0;10m [38;2;255;0;15m [38;2;255;0;20m [38;2;255;0;25m█[38;2;255;0;30m█[38;2;255;0;35m [38;2;255;0;40m [38;2;255;0;45m [38;2;255;0;50m [38;2;255;0;55m [38;2;255;0;60m [38;2;255;0;65m█[38;2;255;0;70m█[38;2;255;0;75m█[38;2;255;0;80m█[38;2;255;0;85m█[38;2;255;0;90m█[38;2;255;0;95m [38;2;255;0;100m [38;2;255;0;105m [38;2;255;0;110m [38;2;255;0;115m [38;2;255;0;120m█[38;2;255;0;125m█[38;2;255;0;130m█[38;2;255;0;135m█[38;2;255;0;140m█[38;2;255;0;145m█[38;2;255;0;150m█[38;2;255;0;155m [38;2;255;0;160m [38;2;255;0;165m [38;2;255;0;170m [38;2;255;0;175m█[38;2;255;0;180m█[38;2;255;0;185m [38;2;255;0;190m█[38;2;255;0;195m█[38;2;255;0;200m [38;2;255;0;205m█[38;2;255;0;210m█[38;2;255;0;215m [38;2;255;0;220m█[38;2;255;0;225m█[38;2;255;0;230m [38;2;255;0;235m [38;2;255;0;240m█[38;2;255;0;245m█[38;2;255;0;250m█[38;2;255;0;255m█[38;2;250;0;255m█[38;2;245;0;255m█[38;2;240;0;255m [38;2;235;0;255m [38;2;230;0;255m [38;2;225;0;255m [38;2;220;0;255m [38;2;215;0;255m█[38;2;210;0;255m█[38;2;205;0;255m [38;2;200;0;255m [38;2;195;0;255m [38;2;190;0;255m [38;2;185;0;255m [38;2;180;0;255m [38;2;175;0;255m█[38;2;170;0;255m█[38;2;165;0;255m [38;2;160;0;255m [38;2;155;0;255m█[38;2;150;0;255m█[38;2;145;0;255m█[38;2;140;0;255m█[38;2;135;0;255m█[38;2;130;0;255m█[38;2;125;0;255m█[38;2;120;0;255m [38;2;115;0;255m [38;2;110;0;255m [38;2;105;0;255m [38;2;100;0;255m█[38;2;95;0;255m█[38;2;90;0;255m [38;2;85;0;255m [38;2;80;0;255m [38;2;75;0;255m█[38;2;70;0;255m█[38;2;65;0;255m█[38;2;60;0;255m█[38;2;55;0;255m [38;2;50;0;255m [38;2;45;0;255m [38;2;40;0;255m█[38;2;35;0;255m█[38;2;30;0;255m█[38;2;25;0;255m█[38;2;20;0;255m█[38;2;15;0;255m█[38;2;10;0;255m [38;2;5;0;255m [38;2;0;0;255m [0m
[38;2;255;0;0m [38;2;255;0;5m [38;2;255;0;10m [38;2;255;0;15m [38;2;255;0;20m█[38;2;255;0;25m█[38;2;255;0;30m [38;2;255;0;35m [38;2;255;0;40m [38;2;255;0;45m [38;2;255;0;50m [38;2;255;0;56m [38;2;255;0;61m [38;2;255;0;66m█[38;2;255;0;71m█[38;2;255;0;76m [38;2;255;0;81m [38;2;255;0;86m [38;2;255;0;91m [38;2;255;0;96m [38;2;255;0;101m [38;2;255;0;106m [38;2;255;0;111m [38;2;255;0;116m [38;2;255;0;121m█[38;2;255;0;126m█[38;2;255;0;131m [38;2;255;0;136m [38;2;255;0;141m [38;2;255;0;146m█[38;2;255;0;151m█[38;2;255;0;157m [38;2;255;0;162m [38;2;255;0;167m [38;2;255;0;172m [38;2;255;0;177m█[38;2;255;0;182m█[38;2;255;0;187m [38;2;255;0;192m [38;2;255;0;197m█[38;2;255;0;202m█[38;2;255;0;207m [38;2;255;0;212m [38;2;255;0;217m█[38;2;255;0;222m█[38;2;255;0;227m [38;2;255;0;232m [38;2;255;0;237m█[38;2;255;0;242m█[38;2;255;0;247m [38;2;255;0;252m [38;2;252;0;255m [38;2;247;0;255m [38;2;242;0;255m [38;2;237;0;255m [38;2;232;0;255m [38;2;227;0;255m [38;2;222;0;255m [38;2;217;0;255m [38;2;212;0;255m█[38;2;207;0;255m█[38;2;202;0;255m [38;2;197;0;255m [38;2;192;0;255m [38;2;187;0;255m [38;2;182;0;255m█[38;2;177;0;255m█[38;2;172;0;255m [38;2;167;0;255m [38;2;162;0;255m [38;2;157;0;255m█[38;2;151;0;255m█[38;2;146;0;255m [38;2;141;0;255m [38;2;136;0;255m [38;2;131;0;255m█[38;2;126;0;255m█[38;2;121;0;255m [38;2;116;0;255m [38;2;111;0;255m [38;2;106;0;255m [38;2;101;0;255m [38;2;96;0;255m█[38;2;91;0;255m█[38;2;86;0;255m [38;2;81;0;255m [38;2;76;0;255m [38;2;71;0;255m [38;2;66;0;255m█[38;2;61;0;255m█[38;2;56;0;255m [38;2;50;0;255m [38;2;45;0;255m [38;2;40;0;255m█[38;2;35;0;255m█[38;2;30;0;255m [38;2;25;0;255m [38;2;20;0;255m [38;2;15;0;255m [38;2;10;0;255m [38;2;5;0;255m [38;2;0;0;255m [0m
[38;2;255;0;0m [38;2;255;0;5m [38;2;255;0;10m [38;2;255;0;15m█[38;2;255;0;20m█[38;2;255;0;25m [38;2;255;0;30m [38;2;255;0;35m [38;2;255;0;40m [38;2;255;0;45m [38;2;255;0;50m [38;2;255;0;56m [38;2;255;0;61m [38;2;255;0;66m█[38;2;255;0;71m█[38;2;255;0;76m█[38;2;255;0;81m█[38;2;255;0;86m█[38;2;255;0;91m█[38;2;255;0;96m█[38;2;255;0;101m█[38;2;255;0;106m [38;2;255;0;111m [38;2;255;0;116m [38;2;255;0;121m█[38;2;255;0;126m█[38;2;255;0;131m [38;2;255;0;136m [38;2;255;0;141m [38;2;255;0;146m [38;2;255;0;151m█[38;2;255;0;157m█[38;2;255;0;162m [38;2;255;0;167m [38;2;255;0;172m [38;2;255;0;177m█[38;2;255;0;182m█[38;2;255;0;187m [38;2;255;0;192m [38;2;255;0;197m [38;2;255;0;202m [38;2;255;0;207m [38;2;255;0;212m [38;2;255;0;217m█[38;2;255;0;222m█[38;2;255;0;227m [38;2;255;0;232m [38;2;255;0;237m█[38;2;255;0;242m█[38;2;255;0;247m [38;2;255;0;252m [38;2;252;0;255m [38;2;247;0;255m [38;2;242;0;255m [38;2;237;0;255m [38;2;232;0;255m [38;2;227;0;255m [38;2;222;0;255m [38;2;217;0;255m [38;2;212;0;255m [38;2;207;0;255m█[38;2;202;0;255m█[38;2;197;0;255m█[38;2;192;0;255m█[38;2;187;0;255m█[38;2;182;0;255m█[38;2;177;0;255m [38;2;172;0;255m [38;2;167;0;255m [38;2;162;0;255m [38;2;157;0;255m█[38;2;151;0;255m█[38;2;146;0;255m [38;2;141;0;255m [38;2;136;0;255m [38;2;131;0;255m [38;2;126;0;255m█[38;2;121;0;255m█[38;2;116;0;255m [38;2;111;0;255m [38;2;106;0;255m [38;2;101;0;255m [38;2;96;0;255m [38;2;91;0;255m█[38;2;86;0;255m█[38;2;81;0;255m█[38;2;76;0;255m█[38;2;71;0;255m█[38;2;66;0;255m█[38;2;61;0;255m [38;2;56;0;255m [38;2;50;0;255m [38;2;45;0;255m [38;2;40;0;255m█[38;2;35;0;255m█[38;2;30;0;255m█[38;2;25;0;255m█[38;2;20;0;255m█[38;2;15;0;255m█[38;2;10;0;255m█[38;2;5;0;255m█[38;2;0;0;255m [0m
